    Vehicle fm Mileage   lh      lc      mc State  X Vehicle.1       vechile.ID
1         1  0     863  1.1   66.30  697.23    MS NA       fm     failure month
2         2 10    4644  2.4  233.03  119.66    CA NA        lh      labour hour
3         3 15   16330  4.2  325.08  175.46    WI NA        lc      labour cost
4         4  0      13  1.0   66.64    0.00    OR NA       mc     material cost
5         5 13   22537  4.5  328.66  175.46    AZ NA     state state of failure
6         6 21   40931  3.1  205.28  175.46    FL NA                           
7         7 11   34762  0.7   49.17  145.20    LA NA                           
8         8  5   11051  2.9  208.80  270.04    GA NA                           
9         9  8    7003  3.4  212.06  119.66    WA NA                           
10       10  1      11  0.7   44.43    0.00    PA NA                           
11       11 17   24879  3.5  260.29  119.66    TX NA                           
12       12  3    5339  3.2  236.93  440.13    LA NA                           
13       13 14   29782 10.0  695.10  228.12    FL NA                           
14       14 19   56111  2.0  116.00  183.31    OH NA                           
15       15 13   21946  3.8  312.36  175.46    MA NA                           
16       16  8    3101  3.1  220.61  119.66    VA NA                           
17       17 15   41965  0.9   66.25  119.66    OH NA                           
18       18  3   15365  2.0  158.94  175.46    CO NA                           
19       19 12   44865  4.9  319.51  119.66    FL NA                           
20       20  8   14025  1.4   87.42    1.85    NH NA                           
21       21 18   29987  2.6  182.17  128.21    IN NA                           
22       22 11   20694  2.3  194.48  119.66    CA NA                           
23       23 16   20879  0.2   10.57    0.00    MT NA                           
24       24 20   17503  4.1  308.60  119.66    NY NA                           
25       25 17   24568  4.8  373.44  119.66    TX NA                           
26       26 11   14400  2.1  145.79  119.66    UT NA                           
27       27 18   12220  0.8   66.93  119.66    MA NA                           
28       28  8   14319  1.9  141.10  119.66    VA NA                           
29       29  0       5  0.5   34.01    8.23    MA NA                           
30       30 10   34644  4.7  341.22  119.66    FL NA                           
31       31 17   24719  2.4  147.98  119.66    NY NA                           
32       32  4   13259  2.5  170.77  119.66    VA NA                           
33       33  6   12424  1.7  148.60  145.30    NJ NA                           
34       34  5    7702  2.7  165.97  323.31    MI NA                           
35       35  0      10  3.0  176.18  118.47    NY NA                           
36       36  9   15017  3.7  286.01  119.66    UT NA                           
37       37 17   19489  0.5   37.53    0.00    MA NA                           
38       38  7    5461  0.8   55.67  119.66    MN NA                           
39       39  5   11912  9.5  543.49  119.66    WI NA                           
40       40  8   20370  0.7   56.60  128.21    IL NA                           
41       41  4    3879  1.8  122.25  175.46    CA NA                           
42       42 17   20831  1.3  107.21  119.66    CT NA                           
43       43  3    4417  4.9  365.68  119.66    MN NA                           
44       44  6    6781  0.8   47.60  119.66    SC NA                           
45       45  4    6244  3.3  267.30  204.95    CA NA                           
46       46 22   41053  4.0  286.91  119.66    NC NA                           
47       47 13    7987  4.0  364.38  119.66    MA NA                           
48       48 15   13394  4.1  325.92  171.04    CA NA                           
49       49  6    7219  4.5  314.40    0.00    OH NA                           
50       50  1    1723  1.9  128.09  119.66    TX NA                           
51       51  3    2855  0.9   59.07  119.66    PA NA                           
52       52 15   17635  0.7   53.72  119.66    LA NA                           
53       53 19   14796 16.4 1268.21  276.50    NM NA                           
54       54 15   28904  1.4   93.68  119.66    ME NA                           
55       55 14   48247  2.9  196.37  369.16    TX NA                           
56       56 13   90325  0.8   50.85  119.66    MS NA                           
57       57 13   22603  2.6  166.55  118.47    SD NA                           
58       58 13   20740  4.2  295.94  181.93    FL NA                           
59       59 12   24008  4.1  255.84  119.66    NM NA                           
60       60 15   44338  0.8   55.53  175.46    ID NA                           
61       61  2    2424  1.8  129.41  119.66    TX NA                           
62       62  9   65383 15.4 1051.68 1193.46    TX NA                           
63       63  1    1659  1.6   97.29  119.66    TN NA                           
64       64 13   28305  1.3  107.10  175.46    CA NA                           
65       65  1     487  1.4   89.73    0.00    NE NA                           
66       66 19   42846  1.4   89.30  128.21    GA NA                           
67       67  1    1776  1.3   74.49  119.66    OH NA                           
68       68 22   28630  0.4   30.84  119.66    FL NA                           
69       69 21   49185  3.8  262.33  119.66    NC NA                           
70       70 10   22389  5.9  410.10  119.66    FL NA                           
71       71  8   80064  3.9  303.01  175.46    CA NA                           
72       72  4   14587  3.1  246.09  125.68    SC NA                           
73       73 16   36876  7.1  646.62  119.66    CA NA                           
74       74 11   33459  0.0    0.00    0.00    FL NA                           
75       75  2    4907  8.7  693.23  340.74    MO NA                           
76       76  9   30838  9.0  659.88  671.75    FL NA                           
77       77  0       4  1.5  117.41    0.00    GA NA                           
78       78 14   10481  1.5  110.40  119.66    VA NA                           
79       79  7    7863  1.2   95.48  119.66    MD NA                           
80       80 19   33146  2.6  205.42  119.66    LA NA                           
81       81  9   26962  2.6  207.18  119.66    MO NA                           
82       82 10   33543  3.5  287.70  175.46    MN NA                           
83       83 15   32672  5.2  413.92  311.89    MO NA                           
84       84  0      23  2.2  144.28  185.96    GA NA                           
85       85  8   14978  3.7  247.77  400.89    NY NA                           
86       86 11    7874  1.3  102.57  404.78    WA NA                           
87       87  7   12387  2.6  207.04  206.14    UT NA                           
88       88 13   62676  3.9  241.29  119.66    TX NA                           
89       89  0      14  3.0  202.00  118.36    AL NA                           
90       90 18   46505  3.2  229.02  119.66    FL NA                           
91       91 11   13359  2.4  164.40  119.66    CO NA                           
92       92  3   16054  1.3   77.92  358.93    IA NA                           
93       93 21   37693 14.3  871.43  401.10    MS NA                           
94       94 18   32320  2.6  206.40  119.66    SC NA                           
95       95 11   11558  1.4  121.71  119.66    CA NA                           
96       96 10   14951  3.5  224.24  119.66    TX NA                           
97       97 15   19145  7.0  531.26  180.29    AZ NA                           
98       98  2    6060  3.9  318.96  119.66    WA NA                           
99       99  0     235  1.3   76.55  118.36    OK NA                           
100     100 16   22157  3.1  225.37  128.21    GA NA                           
 [ reached 'max' / getOption("max.print") -- omitted 1524 rows ]
