
26.9 30.3 33.1 34.5 37.3 37.8 38.6 38.8 39.3 39.7 39.8 42.7 42.9 43.1 43.7   44 44.4 
   1    1    1    1    2    1    1    1    2    2    1    1    1    3    2    1    2 
  45 45.1 45.3 45.5   46 46.2 46.3 46.7 46.9   47 47.2 47.6 47.7 47.8 47.9 48.6 49.2 
   1    1    2    1    1    1    1    2    1    1    1    1    2    2    1    1    1 
49.4 49.6 49.7 50.1 50.5 50.7 51.1 51.2 51.3 51.5 51.8 52.2 52.4 52.5   53 53.3 53.6 
   1    1    1    1    1    1    1    1    1    1    1    1    1    1    1    1    1 
53.8 53.9   54 54.3 54.4 54.5 54.6   55 55.5 55.8 56.4 56.9   57 57.8 58.2 58.4 58.8 
   1    1    1    1    1    1    1    1    2    1    1    1    1    1    1    1    1 
  59 59.2 59.9 60.1 60.3   61 61.5 62.1 62.2 62.5 63.6 63.7 65.2 65.3 65.6 67.2 67.9 
   1    1    1    1    1    1    1    1    1    1    1    1    1    1    1    1    1 
70.5 71.7 71.9 
   1    1    1 
